uuid: 603f43a3-0e11-4e48-b2d7-744c75ed102e
timestamps:
  login: 1413348925130
  logout: 1413354413989
  lastteleport: 1413342761149
ipAddress: 50.131.225.116
afk: false
logoutlocation:
  world: worlds/bravenewworld
  x: -365.34198037590676
  y: 72.0
  z: 2624.7282006536634
  yaw: 103.52002
  pitch: -6.9000506
lastlocation:
  world: worlds/bravenewworld
  x: -3.5
  y: 83.00000000476837
  z: 711.5
  yaw: -3.991516
  pitch: 12.218282
homes:
  home:
    world: worlds/bravenewworld
    x: -357.3337785584367
    y: 82.5
    z: 2666.1681540969935
    yaw: -50.23181
    pitch: 21.449896
money: '500'
