uuid: 603f43a3-0e11-4e48-b2d7-744c75ed102e
timestamps:
  login: 1412550286774
  logout: 1412560471278
  lastteleport: 1412395248592
ipAddress: 50.131.225.116
afk: false
logoutlocation:
  world: worlds/bravenewworld
  x: -353.73432475247006
  y: 81.76762231346534
  z: 2656.6373689506763
  yaw: -163.03223
  pitch: 12.749961
lastlocation:
  world: worlds/bravenewworld
  x: 205.67124122515904
  y: 41.0
  z: 630.7127717485419
  yaw: -274.61627
  pitch: 7.65007
