uuid: 603f43a3-0e11-4e48-b2d7-744c75ed102e
timestamps:
  login: 1412983255865
  logout: 1412984807277
  lastteleport: 1412916170737
ipAddress: 50.131.225.116
afk: false
logoutlocation:
  world: worlds/bravenewworld
  x: -23.699999988079067
  y: 89.0
  z: 708.3000000119209
  yaw: 116.75887
  pitch: -33.53171
lastlocation:
  world: worlds/bravenewworld
  x: -3.035323370201152
  y: 83.0
  z: 714.0079855199896
  yaw: 261.17462
  pitch: 19.949959
homes:
  home:
    world: worlds/bravenewworld
    x: -353.35938681027085
    y: 75.0
    z: 2639.0171704670165
    yaw: 138.9184
    pitch: 9.599931
money: '0'
