uuid: 603f43a3-0e11-4e48-b2d7-744c75ed102e
timestamps:
  login: 1412903576535
  logout: 1412905999512
  lastteleport: 1412905456065
ipAddress: 50.131.225.116
afk: false
logoutlocation:
  world: worlds/bravenewworld
  x: 58.45151571606176
  y: 79.0
  z: 668.735393565061
  yaw: 52.67735
  pitch: 12.899994
lastlocation:
  world: worlds/bravenewworld
  x: 52.69999998807907
  y: 83.0
  z: 658.305212407955
  yaw: 183.65204
  pitch: -23.250105
homes:
  home:
    world: worlds/bravenewworld
    x: -353.35938681027085
    y: 75.0
    z: 2639.0171704670165
    yaw: 138.9184
    pitch: 9.599931
