uuid: 9625841f-6332-495c-ad91-0505c6d81186
timestamps:
  login: 1412718874446
  lastteleport: 1412723756189
  logout: 1412723983017
ipAddress: 98.210.147.109
godmode: false
nickname: EarthFuckerAria
lastlocation:
  world: worlds/bravenewworld
  x: 77.25652910698332
  y: 104.72942694485678
  z: 562.8383720389322
  yaw: -281.96106
  pitch: 84.58873
afk: false
logoutlocation:
  world: worlds/bravenewworld
  x: 46.509517745577774
  y: 86.0
  z: 655.935502894103
  yaw: 253.45789
  pitch: 25.641108
