uuid: 9625841f-6332-495c-ad91-0505c6d81186
timestamps:
  login: 1413056059327
  lastteleport: 1412917821937
  logout: 1412984131784
ipAddress: 98.210.147.109
godmode: false
nickname: DefinitlyNotCelosia
lastlocation:
  world: worlds/bravenewworld
  x: 36.614530587115155
  y: 79.0
  z: 677.2238123322221
  yaw: -198.24637
  pitch: 8.204755
afk: false
logoutlocation:
  world: worlds/bravenewworld
  x: 20.09662794718897
  y: 83.0
  z: 695.4613887696976
  yaw: 14.998596
  pitch: 36.664135
