uuid: 9625841f-6332-495c-ad91-0505c6d81186
timestamps:
  login: 1413229912686
  lastteleport: 1413149310162
  logout: 1413232930352
ipAddress: 50.23.115.67
godmode: false
nickname: DefinitlyNotCelosia
lastlocation:
  world: worlds/bravenewworld
  x: 9.292287855616715
  y: 77.0
  z: 675.2373987244208
  yaw: 323.3855
  pitch: 59.73694
afk: false
logoutlocation:
  world: worlds/bravenewworld
  x: 93.62249895637369
  y: 68.20000004768372
  z: 652.9690279683216
  yaw: -143.38025
  pitch: 35.085434
money: '2100.0'
