uuid: 232f5f76-3c82-4ff0-b524-24ab40bf7f63
timestamps:
  login: 1413180372658
  lastteleport: 1413083325518
  logout: 1413180431912
ipAddress: 50.1.102.195
lastlocation:
  world: worlds/bravenewworld_nether
  x: -102.08320357330707
  y: 89.0
  z: -27.193860794098164
  yaw: 121.949585
  pitch: 1.800018
logoutlocation:
  world: worlds/bravenewworld
  x: -589.5334106244085
  y: 32.0
  z: -708.3919868567206
  yaw: 20.56305
  pitch: 59.548916
afk: false
homes:
  home:
    world: worlds/bravenewworld
    x: -747.4054854841924
    y: 62.0
    z: -253.11180723929115
    yaw: 32.40741
    pitch: 40.34963
money: '3500'
