uuid: 232f5f76-3c82-4ff0-b524-24ab40bf7f63
timestamps:
  login: 1412649809442
  lastteleport: 1412632883530
  logout: 1412651798963
ipAddress: 50.1.102.195
lastlocation:
  world: worlds/bravenewworld
  x: -651.4322959467993
  y: 66.0
  z: -804.7508314975748
  yaw: -61.34424
  pitch: 12.900006
logoutlocation:
  world: worlds/bravenewworld
  x: -747.5
  y: 62.0
  z: -253.5
  yaw: -57.59279
  pitch: 31.200014
afk: false
homes:
  home:
    world: worlds/bravenewworld
    x: -747.4054854841924
    y: 62.0
    z: -253.11180723929115
    yaw: 32.40741
    pitch: 40.34963
