uuid: 232f5f76-3c82-4ff0-b524-24ab40bf7f63
timestamps:
  login: 1412916562281
  lastteleport: 1412918732989
  logout: 1412919639544
ipAddress: 50.1.102.195
lastlocation:
  world: worlds/bravenewworld
  x: 24.642215690731287
  y: 22.0
  z: 708.9191984524483
  yaw: 288.35913
  pitch: -6.2317753
logoutlocation:
  world: worlds/bravenewworld
  x: -748.0641671875105
  y: 66.0
  z: -251.53670720021438
  yaw: -269.09247
  pitch: 39.8996
afk: false
homes:
  home:
    world: worlds/bravenewworld
    x: -747.4054854841924
    y: 62.0
    z: -253.11180723929115
    yaw: 32.40741
    pitch: 40.34963
money: '3000'
