uuid: 2491ef2d-b142-48c9-8431-f0d781c898f1
timestamps:
  login: 1412745447460
  logout: 1412749271540
  lastteleport: 1412749158112
ipAddress: 76.14.71.96
socialspy: true
logoutlocation:
  world: worlds/bravenewworld
  x: -118.847546504522
  y: 80.02138837342216
  z: 204.75959100455805
  yaw: 171.92346
  pitch: 37.800064
lastlocation:
  world: worlds/bravenewworld
  x: 214.62427838978118
  y: 64.0
  z: -86.71812574416596
  yaw: 105.77533
  pitch: 11.250043
homes:
  home:
    world: worlds/bravenewworld
    x: -122.7794501576493
    y: 68.0
    z: 210.41111705900698
    yaw: 89.57471
    pitch: 8.550033
afk: false
