spawns: 
  default: 
    world: worlds/bravenewworld
    x: -3.5784997405751917
    y: 83.0
    z: 711.9190104363225
    yaw: -3.991516
    pitch: 12.218282
