world: worlds/oldhome
x: 190.72257894455146
y: 40.0
z: 62.022738018152126
yaw: -273.0734
pitch: 8.630341
name: temple
